1, 4, 1, 1, 1,	37936.316406, 75862, 0.971053, 102981
1, 4, 1, 1, 2,	37495.500000, 74997, 0.999960, 100004
1, 4, 1, 2, 1,	37495.500000, 74997, 0.999960, 100004
1, 4, 1, 2, 2,	37493.125000, 74995, 0.999950, 100005
1, 4, 2, 1, 1,	37495.500000, 74997, 0.999960, 100004
1, 4, 2, 1, 2,	37506.589844, 75023, 0.998941, 100106
1, 4, 2, 2, 1,	37506.589844, 75023, 0.998941, 100106
1, 4, 2, 2, 2,	37490.750000, 74993, 0.999940, 100006
1, 8, 1, 1, 1,	44005.398438, 87902, 0.971053, 102981
1, 8, 1, 1, 2,	43745.250000, 87497, 0.999960, 100004
1, 8, 1, 2, 1,	43745.250000, 87497, 0.999960, 100004
1, 8, 1, 2, 2,	43742.812500, 87495, 0.999950, 100005
1, 8, 2, 1, 1,	43745.250000, 87497, 0.999960, 100004
1, 8, 2, 1, 2,	43749.972656, 87509, 0.998941, 100106
1, 8, 2, 2, 1,	43749.972656, 87509, 0.998941, 100106
1, 8, 2, 2, 2,	43740.375000, 87493, 0.999940, 100006
2, 4, 1, 1, 1,	34134.199219, 68500, 1.285793, 77773
2, 4, 1, 1, 2,	31041.791016, 61963, 1.533601, 65206
2, 4, 1, 2, 1,	31140.033203, 62167, 1.524599, 65591
2, 4, 1, 2, 2,	29514.988281, 58665, 1.656205, 60379
2, 4, 2, 1, 1,	29713.189453, 59389, 1.635056, 61160
2, 4, 2, 1, 2,	27160.376953, 54149, 1.836817, 54442
2, 4, 2, 2, 1,	27036.531250, 53903, 1.847063, 54140
2, 4, 2, 2, 2,	25989.115234, 51855, 1.925336, 51939
2, 8, 1, 1, 1,	42170.406250, 84055, 1.285793, 77773
2, 8, 1, 1, 2,	40626.796875, 81078, 1.533601, 65206
2, 8, 1, 2, 1,	40668.781250, 81176, 1.524599, 65591
2, 8, 1, 2, 2,	39866.269531, 79670, 1.656205, 60379
2, 8, 2, 1, 1,	39932.285156, 79727, 1.635056, 61160
2, 8, 2, 1, 2,	38640.484375, 77256, 1.836817, 54442
2, 8, 2, 2, 1,	38580.675781, 77151, 1.847063, 54140
2, 8, 2, 2, 2,	38022.460938, 76065, 1.925336, 51939
3, 4, 1, 1, 1,	34121.113281, 68477, 1.288610, 77603
3, 4, 1, 1, 2,	30668.939453, 61280, 1.565166, 63891
3, 4, 1, 2, 1,	30655.419922, 61243, 1.566735, 63827
3, 4, 1, 2, 2,	28688.462891, 57029, 1.727951, 57872
3, 4, 2, 1, 1,	29072.457031, 58004, 1.689560, 59187
3, 4, 2, 1, 2,	25117.351562, 50056, 2.000800, 49980
3, 4, 2, 2, 1,	24597.412109, 48877, 2.048887, 48807
3, 4, 2, 2, 2,	20666.464844, 40969, 2.366752, 42252
3, 8, 1, 1, 1,	42174.925781, 84043, 1.288610, 77603
3, 8, 1, 1, 2,	40451.226562, 80676, 1.565166, 63891
3, 8, 1, 2, 1,	40447.515625, 80672, 1.566735, 63827
3, 8, 1, 2, 2,	39488.156250, 78840, 1.727951, 57872
3, 8, 2, 1, 1,	39632.207031, 79143, 1.689560, 59187
3, 8, 2, 1, 2,	37622.351562, 75204, 2.000800, 49980
3, 8, 2, 2, 1,	37402.953125, 74824, 2.048887, 48807
3, 8, 2, 2, 2,	35458.664062, 71060, 2.366752, 42252
4, 4, 1, 1, 1,	34121.113281, 68477, 1.288610, 77603
4, 4, 1, 1, 2,	30668.937500, 61280, 1.565166, 63891
4, 4, 1, 2, 1,	30646.302734, 61223, 1.567742, 63786
4, 4, 1, 2, 2,	28687.794922, 57027, 1.727981, 57871
4, 4, 2, 1, 1,	29031.220703, 57920, 1.693710, 59042
4, 4, 2, 1, 2,	24796.935547, 49447, 2.024947, 49384
4, 4, 2, 2, 1,	24340.564453, 48339, 2.071380, 48277
4, 4, 2, 2, 2,	20123.781250, 39884, 2.411091, 41475
4, 8, 1, 1, 1,	42174.925781, 84043, 1.288610, 77603
4, 8, 1, 1, 2,	40451.222656, 80676, 1.565166, 63891
4, 8, 1, 2, 1,	40444.691406, 80663, 1.567742, 63786
4, 8, 1, 2, 2,	39487.675781, 78840, 1.727981, 57871
4, 8, 2, 1, 1,	39616.906250, 79108, 1.693710, 59042
4, 8, 2, 1, 2,	37452.855469, 74854, 2.024947, 49384
4, 8, 2, 2, 1,	37286.687500, 74596, 2.071380, 48277
4, 8, 2, 2, 2,	35193.101562, 70573, 2.411091, 41475
5, 4, 1, 1, 1,	34121.113281, 68477, 1.288610, 77603
5, 4, 1, 1, 2,	30668.937500, 61280, 1.565166, 63891
5, 4, 1, 2, 1,	30646.302734, 61223, 1.567742, 63786
5, 4, 1, 2, 2,	28687.794922, 57027, 1.727981, 57871
5, 4, 2, 1, 1,	29031.220703, 57920, 1.693710, 59042
5, 4, 2, 1, 2,	24796.935547, 49447, 2.024947, 49384
5, 4, 2, 2, 1,	24322.818359, 48309, 2.072453, 48252
5, 4, 2, 2, 2,	19953.587891, 39581, 2.422070, 41287
5, 8, 1, 1, 1,	42174.925781, 84043, 1.288610, 77603
5, 8, 1, 1, 2,	40451.222656, 80676, 1.565166, 63891
5, 8, 1, 2, 1,	40444.691406, 80663, 1.567742, 63786
5, 8, 1, 2, 2,	39487.675781, 78840, 1.727981, 57871
5, 8, 2, 1, 1,	39616.906250, 79108, 1.693710, 59042
5, 8, 2, 1, 2,	37452.855469, 74854, 2.024947, 49384
5, 8, 2, 2, 1,	37275.648438, 74577, 2.072453, 48252
5, 8, 2, 2, 2,	35091.523438, 70386, 2.422070, 41287
6, 4, 1, 1, 1,	34121.113281, 68477, 1.288610, 77603
6, 4, 1, 1, 2,	30668.937500, 61280, 1.565166, 63891
6, 4, 1, 2, 1,	30646.302734, 61223, 1.567742, 63786
6, 4, 1, 2, 2,	28687.794922, 57027, 1.727981, 57871
6, 4, 2, 1, 1,	29031.220703, 57920, 1.693710, 59042
6, 4, 2, 1, 2,	24796.935547, 49447, 2.024947, 49384
6, 4, 2, 2, 1,	24322.818359, 48309, 2.072453, 48252
6, 4, 2, 2, 2,	19953.585938, 39581, 2.422070, 41287
6, 8, 1, 1, 1,	42174.925781, 84043, 1.288610, 77603
6, 8, 1, 1, 2,	40451.222656, 80676, 1.565166, 63891
6, 8, 1, 2, 1,	40444.691406, 80663, 1.567742, 63786
6, 8, 1, 2, 2,	39487.675781, 78840, 1.727981, 57871
6, 8, 2, 1, 1,	39616.906250, 79108, 1.693710, 59042
6, 8, 2, 1, 2,	37452.855469, 74854, 2.024947, 49384
6, 8, 2, 2, 1,	37275.648438, 74577, 2.072453, 48252
6, 8, 2, 2, 2,	35091.523438, 70386, 2.422070, 41287
7, 4, 1, 1, 1,	34121.113281, 68477, 1.288610, 77603
7, 4, 1, 1, 2,	30668.937500, 61280, 1.565166, 63891
7, 4, 1, 2, 1,	30646.302734, 61223, 1.567742, 63786
7, 4, 1, 2, 2,	28687.794922, 57027, 1.727981, 57871
7, 4, 2, 1, 1,	29031.220703, 57920, 1.693710, 59042
7, 4, 2, 1, 2,	24796.935547, 49447, 2.024947, 49384
7, 4, 2, 2, 1,	24322.818359, 48309, 2.072453, 48252
7, 4, 2, 2, 2,	19953.585938, 39581, 2.422070, 41287
7, 8, 1, 1, 1,	42174.925781, 84043, 1.288610, 77603
7, 8, 1, 1, 2,	40451.222656, 80676, 1.565166, 63891
7, 8, 1, 2, 1,	40444.691406, 80663, 1.567742, 63786
7, 8, 1, 2, 2,	39487.675781, 78840, 1.727981, 57871
7, 8, 2, 1, 1,	39616.906250, 79108, 1.693710, 59042
7, 8, 2, 1, 2,	37452.855469, 74854, 2.024947, 49384
7, 8, 2, 2, 1,	37275.648438, 74577, 2.072453, 48252
7, 8, 2, 2, 2,	35091.523438, 70386, 2.422070, 41287
8, 4, 1, 1, 1,	34121.113281, 68477, 1.288610, 77603
8, 4, 1, 1, 2,	30668.937500, 61280, 1.565166, 63891
8, 4, 1, 2, 1,	30646.302734, 61223, 1.567742, 63786
8, 4, 1, 2, 2,	28687.794922, 57027, 1.727981, 57871
8, 4, 2, 1, 1,	29031.220703, 57920, 1.693710, 59042
8, 4, 2, 1, 2,	24796.935547, 49447, 2.024947, 49384
8, 4, 2, 2, 1,	24322.818359, 48309, 2.072453, 48252
8, 4, 2, 2, 2,	19953.585938, 39581, 2.422070, 41287
8, 8, 1, 1, 1,	42174.925781, 84043, 1.288610, 77603
8, 8, 1, 1, 2,	40451.222656, 80676, 1.565166, 63891
8, 8, 1, 2, 1,	40444.691406, 80663, 1.567742, 63786
8, 8, 1, 2, 2,	39487.675781, 78840, 1.727981, 57871
8, 8, 2, 1, 1,	39616.906250, 79108, 1.693710, 59042
8, 8, 2, 1, 2,	37452.855469, 74854, 2.024947, 49384
8, 8, 2, 2, 1,	37275.648438, 74577, 2.072453, 48252
8, 8, 2, 2, 2,	35091.523438, 70386, 2.422070, 41287
