1, 4, 1, 1, 1,	37579.914062, 75160, 0.993759, 100628
1, 4, 1, 1, 2,	37517.125000, 75041, 0.998183, 100182
1, 4, 1, 2, 1,	37517.125000, 75041, 0.998183, 100182
1, 4, 1, 2, 2,	37493.500000, 74995, 0.999960, 100004
1, 4, 2, 1, 1,	37497.406250, 75000, 0.999850, 100015
1, 4, 2, 1, 2,	37493.500000, 74995, 0.999960, 100004
1, 4, 2, 2, 1,	37493.500000, 74995, 0.999960, 100004
1, 4, 2, 2, 2,	37491.500000, 74993, 0.999960, 100004
1, 8, 1, 1, 1,	43790.906250, 87585, 0.993759, 100628
1, 8, 1, 1, 2,	43755.769531, 87518, 0.998183, 100182
1, 8, 1, 2, 1,	43755.769531, 87518, 0.998183, 100182
1, 8, 1, 2, 2,	43743.250000, 87495, 0.999960, 100004
1, 8, 2, 1, 1,	43746.468750, 87499, 0.999850, 100015
1, 8, 2, 1, 2,	43743.250000, 87495, 0.999960, 100004
1, 8, 2, 2, 1,	43743.250000, 87495, 0.999960, 100004
1, 8, 2, 2, 2,	43741.250000, 87493, 0.999960, 100004
2, 4, 1, 1, 1,	34167.632812, 68262, 1.269696, 78759
2, 4, 1, 1, 2,	31510.910156, 63005, 1.482426, 67457
2, 4, 1, 2, 1,	31396.074219, 62777, 1.492047, 67022
2, 4, 1, 2, 2,	29972.927734, 59934, 1.604467, 62326
2, 4, 2, 1, 1,	30282.941406, 60547, 1.579978, 63292
2, 4, 2, 1, 2,	28532.337891, 57073, 1.718833, 58179
2, 4, 2, 2, 1,	28086.148438, 56163, 1.754478, 56997
2, 4, 2, 2, 2,	27083.878906, 54147, 1.834055, 54524
2, 8, 1, 1, 1,	42103.234375, 84148, 1.269696, 78759
2, 8, 1, 1, 2,	40776.070312, 81575, 1.482426, 67457
2, 8, 1, 2, 1,	40721.371094, 81483, 1.492047, 67022
2, 8, 1, 2, 2,	40000.843750, 80073, 1.604467, 62326
2, 8, 2, 1, 1,	40157.808594, 80321, 1.579978, 63292
2, 8, 2, 1, 2,	39275.046875, 78568, 1.718833, 58179
2, 8, 2, 2, 1,	39051.636719, 78140, 1.754478, 56997
2, 8, 2, 2, 2,	38546.722656, 77114, 1.834055, 54524
3, 4, 1, 1, 1,	34131.863281, 68187, 1.272621, 78578
3, 4, 1, 1, 2,	31238.074219, 62457, 1.504732, 66457
3, 4, 1, 2, 1,	31073.201172, 62120, 1.517934, 65879
3, 4, 1, 2, 2,	28881.017578, 57712, 1.692563, 59082
3, 4, 2, 1, 1,	29732.140625, 59428, 1.625144, 61533
3, 4, 2, 1, 2,	26693.810547, 53381, 1.867379, 53551
3, 4, 2, 2, 1,	25984.613281, 51975, 1.924335, 51966
3, 4, 2, 2, 2,	22464.962891, 44864, 2.206385, 45323
3, 8, 1, 1, 1,	42085.742188, 84121, 1.272621, 78578
3, 8, 1, 1, 2,	40642.652344, 81337, 1.504732, 66457
3, 8, 1, 2, 1,	40560.292969, 81162, 1.517934, 65879
3, 8, 1, 2, 2,	39459.535156, 78944, 1.692563, 59082
3, 8, 2, 1, 1,	39889.292969, 79787, 1.625144, 61533
3, 8, 2, 1, 2,	38364.929688, 76693, 1.867379, 53551
3, 8, 2, 2, 1,	38011.707031, 76020, 1.924335, 51966
3, 8, 2, 2, 2,	36254.871094, 72457, 2.206385, 45323
4, 4, 1, 1, 1,	34131.863281, 68187, 1.272621, 78578
4, 4, 1, 1, 2,	31238.072266, 62457, 1.504732, 66457
4, 4, 1, 2, 1,	31051.750000, 62082, 1.519826, 65797
4, 4, 1, 2, 2,	28759.125000, 57470, 1.702302, 58744
4, 4, 2, 1, 1,	29732.056641, 59428, 1.625144, 61533
4, 4, 2, 1, 2,	26538.787109, 53098, 1.879947, 53193
4, 4, 2, 2, 1,	25744.458984, 51494, 1.943181, 51462
4, 4, 2, 2, 2,	21769.255859, 43422, 2.262546, 44198
4, 8, 1, 1, 1,	42085.742188, 84121, 1.272621, 78578
4, 8, 1, 1, 2,	40642.648438, 81337, 1.504732, 66457
4, 8, 1, 2, 1,	40550.664062, 81129, 1.519826, 65797
4, 8, 1, 2, 2,	39398.507812, 78835, 1.702302, 58744
4, 8, 2, 1, 1,	39889.207031, 79787, 1.625144, 61533
4, 8, 2, 1, 2,	38288.453125, 76582, 1.879947, 53193
4, 8, 2, 2, 1,	37889.343750, 75752, 1.943181, 51462
4, 8, 2, 2, 2,	35910.167969, 71752, 2.262546, 44198
5, 4, 1, 1, 1,	34131.863281, 68187, 1.272621, 78578
5, 4, 1, 1, 2,	31238.072266, 62457, 1.504732, 66457
5, 4, 1, 2, 1,	31051.750000, 62082, 1.519826, 65797
5, 4, 1, 2, 2,	28759.109375, 57470, 1.702302, 58744
5, 4, 2, 1, 1,	29732.056641, 59428, 1.625144, 61533
5, 4, 2, 1, 2,	26538.785156, 53098, 1.879947, 53193
5, 4, 2, 2, 1,	25744.458984, 51494, 1.943181, 51462
5, 4, 2, 2, 2,	21717.693359, 43297, 2.266906, 44113
5, 8, 1, 1, 1,	42085.742188, 84121, 1.272621, 78578
5, 8, 1, 1, 2,	40642.648438, 81337, 1.504732, 66457
5, 8, 1, 2, 1,	40550.664062, 81129, 1.519826, 65797
5, 8, 1, 2, 2,	39398.492188, 78835, 1.702302, 58744
5, 8, 2, 1, 1,	39889.207031, 79787, 1.625144, 61533
5, 8, 2, 1, 2,	38288.449219, 76582, 1.879947, 53193
5, 8, 2, 2, 1,	37889.339844, 75752, 1.943181, 51462
5, 8, 2, 2, 2,	35885.851562, 71693, 2.266906, 44113
6, 4, 1, 1, 1,	34131.863281, 68187, 1.272621, 78578
6, 4, 1, 1, 2,	31238.072266, 62457, 1.504732, 66457
6, 4, 1, 2, 1,	31051.750000, 62082, 1.519826, 65797
6, 4, 1, 2, 2,	28759.109375, 57470, 1.702302, 58744
6, 4, 2, 1, 1,	29732.056641, 59428, 1.625144, 61533
6, 4, 2, 1, 2,	26538.785156, 53098, 1.879947, 53193
6, 4, 2, 2, 1,	25744.458984, 51494, 1.943181, 51462
6, 4, 2, 2, 2,	21718.425781, 43301, 2.266854, 44114
6, 8, 1, 1, 1,	42085.742188, 84121, 1.272621, 78578
6, 8, 1, 1, 2,	40642.648438, 81337, 1.504732, 66457
6, 8, 1, 2, 1,	40550.664062, 81129, 1.519826, 65797
6, 8, 1, 2, 2,	39398.492188, 78835, 1.702302, 58744
6, 8, 2, 1, 1,	39889.207031, 79787, 1.625144, 61533
6, 8, 2, 1, 2,	38288.449219, 76582, 1.879947, 53193
6, 8, 2, 2, 1,	37889.339844, 75752, 1.943181, 51462
6, 8, 2, 2, 2,	35886.261719, 71693, 2.266854, 44114
7, 4, 1, 1, 1,	34131.863281, 68187, 1.272621, 78578
7, 4, 1, 1, 2,	31238.072266, 62457, 1.504732, 66457
7, 4, 1, 2, 1,	31051.750000, 62082, 1.519826, 65797
7, 4, 1, 2, 2,	28759.109375, 57470, 1.702302, 58744
7, 4, 2, 1, 1,	29732.056641, 59428, 1.625144, 61533
7, 4, 2, 1, 2,	26538.785156, 53098, 1.879947, 53193
7, 4, 2, 2, 1,	25744.458984, 51494, 1.943181, 51462
7, 4, 2, 2, 2,	21718.425781, 43301, 2.266854, 44114
7, 8, 1, 1, 1,	42085.742188, 84121, 1.272621, 78578
7, 8, 1, 1, 2,	40642.648438, 81337, 1.504732, 66457
7, 8, 1, 2, 1,	40550.664062, 81129, 1.519826, 65797
7, 8, 1, 2, 2,	39398.492188, 78835, 1.702302, 58744
7, 8, 2, 1, 1,	39889.207031, 79787, 1.625144, 61533
7, 8, 2, 1, 2,	38288.449219, 76582, 1.879947, 53193
7, 8, 2, 2, 1,	37889.339844, 75752, 1.943181, 51462
7, 8, 2, 2, 2,	35886.261719, 71693, 2.266854, 44114
8, 4, 1, 1, 1,	34131.863281, 68187, 1.272621, 78578
8, 4, 1, 1, 2,	31238.072266, 62457, 1.504732, 66457
8, 4, 1, 2, 1,	31051.750000, 62082, 1.519826, 65797
8, 4, 1, 2, 2,	28759.109375, 57470, 1.702302, 58744
8, 4, 2, 1, 1,	29732.056641, 59428, 1.625144, 61533
8, 4, 2, 1, 2,	26538.785156, 53098, 1.879947, 53193
8, 4, 2, 2, 1,	25744.458984, 51494, 1.943181, 51462
8, 4, 2, 2, 2,	21718.425781, 43301, 2.266854, 44114
8, 8, 1, 1, 1,	42085.742188, 84121, 1.272621, 78578
8, 8, 1, 1, 2,	40642.648438, 81337, 1.504732, 66457
8, 8, 1, 2, 1,	40550.664062, 81129, 1.519826, 65797
8, 8, 1, 2, 2,	39398.492188, 78835, 1.702302, 58744
8, 8, 2, 1, 1,	39889.207031, 79787, 1.625144, 61533
8, 8, 2, 1, 2,	38288.449219, 76582, 1.879947, 53193
8, 8, 2, 2, 1,	37889.339844, 75752, 1.943181, 51462
8, 8, 2, 2, 2,	35886.261719, 71693, 2.266854, 44114
